length
42
