length
1192
8217
3939
